[appointment_bg.jpg]
filters=bw=1;finetune2=1,0.000000,0.000000,0.480000,00000000,0.000000;bw=1;Lomo=1,100.000000,0.000000;Orton=1,50.000000,64.327484,0.000000;sepia=1;sat=1,1.000000;CrossProcess=1,100.000000;
moddate=558e40b31c84d201
width=1000
height=400
textactive=0
